	TAZ	HHNUM	HHSIZE	1	2	3	4	5	6	7	avg_hh
0	1	4347.4	2.036	460.0	0.0	0.0	0.0	0.0	0.0	0.0	1.0
1	2	2215.2	2.2159999999999997	582.0	31.0	0.0	0.0	0.0	0.0	0.0	0.9474497681607419
2	3	0.0	0.0	0.0	0.0	0.0	0.0	0.0	0.0	0.0	0.0
3	4	722.0	1.906	893.0	82.0	0.0	0.0	0.0	0.0	0.0	0.9224219489120151
4	5	3733.0	1.676	553.0	67.0	0.0	0.0	0.0	0.0	0.0	0.9037900874635568
5	6	1732.2	1.814	417.0	49.0	0.0	0.0	0.0	0.0	0.0	0.9013539651837524
6	7	2726.0	1.6840000000000002	513.0	52.0	0.0	0.0	0.0	0.0	0.0	0.8968253968253969
7	8	6.0	2.056	563.0	90.0	0.0	0.0	0.0	0.0	0.0	0.8753351206434317
8	9	1237.8	2.2359999999999998	497.0	64.0	0.0	20.0	0.0	0.0	0.0	0.8444767441860465
9	10	1476.2	2.206	596.0	80.0	0.0	0.0	0.0	0.0	0.0	0.8355995055624228
10	11	2829.2	2.126	512.0	102.0	0.0	0.0	0.0	0.0	0.0	0.8319783197831978
11	12	3596.6	1.976	427.0	97.0	0.0	0.0	0.0	0.0	0.0	0.8291139240506329
12	13	3137.4	1.804	396.0	68.0	0.0	0.0	0.0	0.0	0.0	0.8226950354609929
13	14	2075.4	2.376	679.0	182.0	0.0	0.0	0.0	0.0	0.0	0.8223495702005731
14	15	0.0	0.0	145.0	121.0	18.0	4.0	0.0	0.0	0.0	0.12788632326820604
15	16	0.0	0.0	90.0	96.0	13.0	0.0	0.0	0.0	0.0	0.1292207792207792
16	17	726.0	1.926	77.0	20.0	0.0	0.0	0.0	0.0	0.0	0.8151260504201681
17	18	720.0	2.568	206.0	54.0	0.0	0.0	0.0	0.0	0.0	0.8150470219435737
18	19	1757.6	1.964	516.0	116.0	19.0	0.0	0.0	0.0	0.0	0.8117206982543641
19	20	3485.2	2.1959999999999997	193.0	71.0	0.0	0.0	0.0	0.0	0.0	0.797583081570997
20	21	515.8	2.256	326.0	49.0	0.0	19.0	0.0	0.0	0.0	0.7943548387096774
21	22	1441.2	1.796	541.0	100.0	18.0	12.0	0.0	0.0	0.0	0.7847953216374269
22	23	2906.2	1.734	309.0	61.0	22.0	0.0	0.0	0.0	0.0	0.784
23	24	2387.4	1.834	341.0	91.0	0.0	0.0	0.0	0.0	0.0	0.7714285714285715
24	25	3397.8	1.5759999999999998	406.0	170.0	0.0	0.0	0.0	0.0	0.0	0.768
25	26	2082.2	1.8459999999999999	745.0	297.0	0.0	0.0	0.0	0.0	0.0	0.7678703021370671
26	27	996.4	1.6440000000000001	582.0	159.0	15.0	0.0	0.0	0.0	0.0	0.7644084934277048
27	28	445.8	1.966	585.0	44.0	38.0	0.0	17.0	0.0	0.0	0.7616926503340757
28	29	3570.2	1.5659999999999998	593.0	209.0	0.0	0.0	0.0	0.0	0.0	0.7587511825922422
29	30	1307.0	1.896	538.0	107.0	33.0	0.0	0.0	0.0	0.0	0.7583892617449665
30	31	1.0	1.024	320.0	127.0	0.0	0.0	0.0	0.0	0.0	0.7576271186440678
31	32	1571.2	1.774	519.0	36.0	73.0	0.0	0.0	0.0	0.0	0.7575392038600723
32	33	1194.8	1.824	637.0	265.0	0.0	0.0	0.0	0.0	0.0	0.7573467674223342
33	34	2867.2	1.6540000000000001	735.0	84.0	31.0	0.0	0.0	0.0	0.0	0.7569011576135352
34	35	2387.4	1.6440000000000001	536.0	148.0	0.0	24.0	0.0	0.0	0.0	0.7564102564102564
35	36	3881.6	1.636	514.0	183.0	24.0	0.0	0.0	0.0	0.0	0.7526096033402923
36	37	3259.8	1.5759999999999998	660.0	40.0	24.0	0.0	0.0	0.0	0.0	0.7479338842975206
37	38	4182.0	1.524	775.0	197.0	0.0	10.0	0.0	0.0	0.0	0.7479055597867479
38	39	2415.4	1.764	519.0	273.0	0.0	0.0	0.0	0.0	0.0	0.7401869158878505
39	40	3842.6	1.5859999999999999	797.0	336.0	0.0	0.0	0.0	0.0	0.0	0.7385919165580183
40	41	2628.8	1.6740000000000002	340.0	106.0	16.0	7.0	0.0	0.0	0.0	0.7385826771653543
41	42	1857.8	2.6180000000000003	633.0	197.0	37.0	0.0	0.0	0.0	0.0	0.7359932088285229
42	43	603.6	2.106	390.0	112.0	20.0	0.0	0.0	0.0	0.0	0.7352112676056338
43	44	3535.4	2.948	597.0	217.0	29.0	11.0	0.0	0.0	0.0	0.7343078245915735
44	45	3983.0	2.838	531.0	218.0	0.0	8.0	0.0	0.0	0.0	0.7342386032977691
45	46	1001.4	3.08	496.0	160.0	42.0	0.0	0.0	0.0	0.0	0.7331932773109243
46	47	3327.6	2.176	619.0	143.0	45.0	0.0	0.0	0.0	0.0	0.7276825969341749
47	48	3125.8	2.738	465.0	56.0	12.0	41.0	0.0	0.0	0.0	0.7238335435056746
48	49	1516.8	1.946	516.0	184.0	12.0	0.0	7.0	0.0	0.0	0.7233400402414487
49	50	1825.6	2.728	679.0	101.0	0.0	35.0	0.0	0.0	0.0	0.7225177304964538
50	51	1093.2	1.8559999999999999	505.0	96.0	26.0	0.0	0.0	0.0	0.0	0.7206896551724138
51	52	1466.0	2.398	283.0	168.0	0.0	0.0	0.0	0.0	0.0	0.7192982456140351
52	53	2016.6	2.036	645.0	73.0	0.0	0.0	48.0	0.0	0.0	0.7192488262910798
53	54	3156.8	2.656	183.0	119.0	0.0	0.0	0.0	0.0	0.0	0.7173396674584323
54	55	1357.0	2.076	203.0	115.0	0.0	0.0	0.0	0.0	0.0	0.7146067415730337
55	56	717.6	2.026	143.0	116.0	0.0	0.0	0.0	0.0	0.0	0.7057220708446866
56	57	2347.4	2.698	720.0	194.0	58.0	25.0	0.0	0.0	0.0	0.7055909412597311
57	58	1614.8	2.096	365.0	166.0	16.0	0.0	0.0	0.0	0.0	0.7048969072164949
58	59	2606.2	2.448	649.0	286.0	45.0	0.0	0.0	0.0	0.0	0.7035175879396985
59	60	2065.4	2.668	468.0	207.0	0.0	21.0	0.0	0.0	0.0	0.6987951807228916
60	61	3235.6	2.166	378.0	192.0	28.0	0.0	0.0	0.0	0.0	0.6985981308411215
61	62	3854.2	1.736	419.0	128.0	0.0	0.0	0.0	0.0	0.0	0.6959287531806616
62	63	2429.4	1.874	383.0	190.0	21.0	0.0	0.0	0.0	0.0	0.6955503512880562
63	64	1464.8	2.186	639.0	260.0	0.0	0.0	30.0	0.0	0.0	0.6953592814371258
64	65	5315.2	1.6740000000000002	1092.0	107.0	61.0	0.0	57.0	0.0	0.0	0.6942540853979968
65	66	1462.0	1.694	618.0	140.0	0.0	20.0	0.0	0.0	0.0	0.6934046345811051
66	67	4196.0	1.6840000000000002	398.0	147.0	18.0	18.0	0.0	0.0	0.0	0.6933174224343676
67	68	1630.0	1.694	330.0	185.0	0.0	0.0	0.0	0.0	0.0	0.693135935397039
68	69	4567.8	1.754	283.0	163.0	28.0	0.0	0.0	0.0	0.0	0.6909620991253644
69	70	1784.8	1.754	775.0	313.0	23.0	0.0	0.0	0.0	0.0	0.6909203980099502
70	71	4983.8	1.624	641.0	215.0	0.0	40.0	0.0	0.0	0.0	0.6908249807247494
71	72	3995.6	1.6340000000000001	310.0	161.0	0.0	0.0	0.0	0.0	0.0	0.6906158357771262
72	73	2155.4	1.946	394.0	33.0	43.0	38.0	0.0	0.0	0.0	0.6902173913043478
73	74	3175.8	1.756	359.0	132.0	0.0	0.0	28.0	0.0	0.0	0.6892430278884463
74	75	3936.6	1.6159999999999999	541.0	151.0	67.0	12.0	0.0	0.0	0.0	0.6883928571428571
75	76	5206.0	1.724	224.0	49.0	23.0	0.0	0.0	0.0	0.0	0.6883720930232559
76	77	1853.6	1.666	872.0	144.0	126.0	0.0	0.0	0.0	0.0	0.6867107636800962
77	78	2657.2	1.8159999999999998	437.0	239.0	0.0	0.0	0.0	0.0	0.0	0.684903748733536
78	79	1501.0	1.5859999999999999	448.0	202.0	33.0	21.0	0.0	0.0	0.0	0.6821705426356589
79	80	2518.6	1.574	238.0	127.0	11.0	0.0	0.0	0.0	0.0	0.6811594202898551
80	81	3348.8	1.766	221.0	144.0	13.0	0.0	0.0	0.0	0.0	0.6798561151079137
81	82	3312.8	1.6440000000000001	504.0	156.0	52.0	15.0	0.0	0.0	0.0	0.6794392523364486
82	83	2117.4	1.544	540.0	243.0	22.0	0.0	2.0	0.0	0.0	0.6787216148023549
83	84	2011.4	1.794	336.0	83.0	28.0	7.0	0.0	0.0	0.0	0.6786248131539612
84	85	1993.4	1.6840000000000002	336.0	87.0	27.0	16.0	0.0	0.0	0.0	0.6783114992721979
85	86	2480.0	1.514	284.0	111.0	0.0	15.0	11.0	0.0	0.0	0.677938808373591
86	87	3721.2	1.524	504.0	262.0	0.0	0.0	0.0	0.0	0.0	0.676678445229682
87	88	3261.2	1.574	315.0	150.0	54.0	0.0	0.0	0.0	0.0	0.67578125
88	89	1462.6	1.886	276.0	142.0	0.0	0.0	0.0	0.0	0.0	0.6752827140549273
89	90	4009.8	1.544	122.0	47.0	0.0	14.0	0.0	0.0	0.0	0.6752767527675276
90	91	1983.4	1.604	517.0	138.0	48.0	31.0	0.0	0.0	0.0	0.6740128558310376
91	92	2183.6	1.6540000000000001	383.0	222.0	17.0	0.0	0.0	0.0	0.0	0.6738894907908992
92	93	4977.8	1.714	672.0	196.0	76.0	11.0	9.0	0.0	0.0	0.673654786862334
93	94	2450.8	1.604	541.0	280.0	23.0	22.0	0.0	0.0	0.0	0.6718386346004654
94	95	1430.6	1.6340000000000001	424.0	143.0	44.0	0.0	19.0	0.0	0.0	0.6716417910447762
95	96	494.4	1.6640000000000001	609.0	305.0	45.0	0.0	0.0	0.0	0.0	0.6715686274509803
96	97	2106.0	1.5859999999999999	487.0	312.0	0.0	29.0	0.0	0.0	0.0	0.6693613581244947
97	98	920.2	1.736	565.0	156.0	41.0	25.0	0.0	0.0	0.0	0.66921768707483
98	99	113.0	1.636	410.0	133.0	35.0	28.0	0.0	0.0	0.0	0.6681367144432194
99	100	84.0	1.212	466.0	123.0	85.0	5.0	0.0	0.0	0.0	0.6643835616438356
100	101	1195.2	1.524	359.0	176.0	45.0	0.0	0.0	0.0	0.0	0.6643757159221076
101	102	0.0	0.0	100.0	85.0	53.0	32.0	5.0	0.0	0.0	0.1516822945394374
102	103	5.0	1.6440000000000001	345.0	151.0	0.0	0.0	0.0	20.0	0.0	0.6640926640926641
103	104	35.0	1.794	767.0	250.0	93.0	9.0	9.0	0.0	0.0	0.6631393298059964
104	105	79.0	1.474	625.0	304.0	61.0	0.0	0.0	0.0	0.0	0.6617647058823529
105	106	26.0	1.6640000000000001	249.0	175.0	15.0	0.0	0.0	0.0	0.0	0.6581709145427287
106	107	386.4	1.1840000000000002	384.0	188.0	11.0	0.0	0.0	0.0	0.0	0.657271702367531
107	108	639.8	1.082	473.0	343.0	38.0	0.0	0.0	0.0	0.0	0.6569230769230769
108	109	1602.0	1.614	346.0	87.0	31.0	0.0	22.0	0.0	0.0	0.6558704453441295
109	110	132.0	1.516	476.0	135.0	13.0	25.0	8.0	0.0	0.0	0.655688622754491
110	111	1055.2	1.886	484.0	327.0	22.0	0.0	15.0	0.0	0.0	0.6553323029366306
111	112	1187.2	1.544	802.0	228.0	134.0	0.0	0.0	10.0	0.0	0.6536748329621381
112	113	27.0	1.374	913.0	394.0	37.0	39.0	0.0	0.0	0.0	0.6526663520528552
113	114	90.0	1.704	190.0	74.0	27.0	11.0	0.0	0.0	0.0	0.652267818574514
114	115	625.8	1.554	334.0	298.0	0.0	0.0	0.0	0.0	0.0	0.6522187822497421
115	116	1461.6	1.534	1179.0	268.0	102.0	87.0	24.0	0.0	0.0	0.651747153513938
116	117	359.4	1.744	582.0	265.0	57.0	16.0	0.0	0.0	0.0	0.6515580736543909
117	118	1820.0	1.6340000000000001	275.0	133.0	35.0	13.0	0.0	0.0	0.0	0.6514285714285715
118	119	2202.6	1.6440000000000001	488.0	285.0	18.0	21.0	0.0	0.0	0.0	0.6501200960768615
119	120	627.8	1.624	250.0	128.0	28.0	0.0	0.0	0.0	0.0	0.6496
120	121	244.4	1.8459999999999999	422.0	239.0	86.0	0.0	0.0	0.0	0.0	0.6484375
121	122	877.8	1.6340000000000001	414.0	202.0	37.0	0.0	18.0	0.0	0.0	0.6483091787439613
122	123	2316.4	1.996	437.0	79.0	0.0	0.0	0.0	0.0	0.0	0.6482412060301508
123	124	8179.2	2.046	537.0	291.0	60.0	0.0	0.0	0.0	0.0	0.6481751824817519
124	125	1062.0	2.036	505.0	270.0	40.0	0.0	35.0	0.0	0.0	0.6468797564687976
125	126	3680.6	1.676	309.0	152.0	0.0	26.0	12.0	0.0	0.0	0.6447028423772609
126	127	4858.8	1.646	562.0	301.0	59.0	34.0	0.0	0.0	0.0	0.6446392447741065
127	128	6470.4	1.754	333.0	270.0	0.0	0.0	0.0	0.0	0.0	0.6442307692307693
128	129	5379.4	1.676	298.0	69.0	44.0	21.0	0.0	0.0	0.0	0.6438152011922503
129	130	5061.8	1.694	457.0	157.0	22.0	56.0	0.0	0.0	0.0	0.6437209302325582
130	131	3355.4	1.614	630.0	420.0	37.0	0.0	0.0	0.0	0.0	0.6431952662721894
131	132	4867.8	1.474	176.0	88.0	11.0	11.0	0.0	0.0	0.0	0.6426966292134831
132	133	1701.6	1.764	549.0	267.0	25.0	22.0	0.0	0.0	0.0	0.641635687732342
133	134	3094.0	1.594	275.0	259.0	0.0	0.0	0.0	0.0	0.0	0.6410564225690276
134	135	1685.6	1.676	625.0	252.0	79.0	0.0	0.0	0.0	0.0	0.6398929049531459
135	136	2916.8	1.574	219.0	143.0	14.0	0.0	0.0	0.0	0.0	0.6383701188455009
136	137	1999.0	1.6059999999999999	488.0	157.0	43.0	37.0	0.0	0.0	0.0	0.6382042253521126
137	138	3342.4	1.6640000000000001	87.0	70.0	0.0	7.0	0.0	0.0	0.0	0.6381322957198443
138	139	4546.6	1.804	204.0	59.0	21.0	12.0	0.0	0.0	0.0	0.6379310344827587
139	140	4385.4	1.716	429.0	37.0	52.0	61.0	0.0	0.0	0.0	0.636963696369637
140	141	1.0	2.056	11.0	17.0	0.0	0.0	0.0	0.0	0.0	0.6363636363636364
141	142	1502.0	1.8659999999999999	462.0	214.0	52.0	0.0	0.0	0.0	0.0	0.6352530541012217
142	143	6326.4	2.036	312.0	177.0	35.0	7.0	0.0	0.0	0.0	0.6344086021505376
143	144	4030.8	1.6640000000000001	459.0	305.0	37.0	27.0	0.0	0.0	0.0	0.6330275229357798
144	145	2.0	2.056	241.0	233.0	0.0	15.0	0.0	0.0	0.0	0.6326002587322122
145	146	2691.0	1.764	352.0	180.0	34.0	8.0	4.0	0.0	0.0	0.6323851203501094
146	147	3175.8	1.726	541.0	381.0	25.0	27.0	0.0	0.0	0.0	0.6320571057754705
147	148	1953.0	1.806	330.0	146.0	12.0	29.0	0.0	0.0	0.0	0.6320293398533008
148	149	3308.8	1.794	361.0	232.0	35.0	13.0	0.0	0.0	0.0	0.6315270935960591
149	150	3073.8	1.614	688.0	252.0	76.0	67.0	0.0	0.0	0.0	0.6307513104251602
150	151	3115.0	1.794	477.0	108.0	65.0	11.0	14.0	14.0	0.0	0.6292237442922375
151	152	5006.8	1.736	584.0	323.0	42.0	57.0	0.0	0.0	0.0	0.6291432145090682
152	153	1994.8	1.746	590.0	165.0	67.0	46.0	0.0	0.0	0.0	0.6289855072463768
153	154	1773.8	1.726	453.0	353.0	55.0	0.0	0.0	0.0	0.0	0.6289262235208181
154	155	2703.0	1.8940000000000001	494.0	339.0	68.0	0.0	0.0	0.0	0.0	0.6287508722958828
155	156	680.0	2.056	523.0	183.0	74.0	46.0	0.0	0.0	0.0	0.6281368821292775
156	157	3788.8	1.746	540.0	167.0	48.0	80.0	0.0	0.0	0.0	0.6268768768768769
157	158	3299.8	2.006	1757.0	763.0	179.0	104.0	27.0	27.0	0.0	0.6266725159026102
158	159	1688.8	1.926	442.0	280.0	60.0	0.0	0.0	0.0	0.0	0.6266025641025641
159	160	2629.8	1.8459999999999999	383.0	70.0	0.0	85.0	0.0	0.0	0.0	0.6263096623981373
160	161	2192.8	2.016	482.0	291.0	0.0	34.0	0.0	0.0	0.0	0.626066718386346
161	162	2556.8	1.824	341.0	73.0	18.0	14.0	25.0	0.0	0.0	0.6254980079681275
162	163	4505.8	1.936	701.0	118.0	136.0	57.0	0.0	0.0	0.0	0.6254635352286774
163	164	5154.8	2.016	523.0	66.0	83.0	69.0	0.0	0.0	0.0	0.6253164556962025
164	165	2422.8	1.936	400.0	67.0	34.0	0.0	28.0	0.0	0.0	0.6245572609208973
165	166	2270.0	2.026	357.0	234.0	29.0	0.0	0.0	0.0	0.0	0.6243705941591138
166	167	2260.0	2.056	469.0	182.0	0.0	83.0	0.0	0.0	0.0	0.6241496598639455
167	168	2197.8	1.986	331.0	60.0	77.0	10.0	0.0	0.0	0.0	0.6240208877284595
168	169	2566.0	1.656	573.0	247.0	0.0	62.0	0.0	0.0	0.0	0.6211267605633802
169	170	4831.8	1.926	269.0	109.0	24.0	29.0	0.0	0.0	0.0	0.6201438848920864
170	171	4605.8	1.876	510.0	227.0	28.0	0.0	0.0	0.0	0.0	0.6194331983805668
171	172	4386.8	1.9340000000000002	699.0	288.0	116.0	9.0	0.0	0.0	0.0	0.6188091263216472
172	173	3652.4	2.166	353.0	355.0	32.0	0.0	0.0	0.0	0.0	0.6176961602671118
173	174	4874.8	2.258	263.0	78.0	34.0	33.0	0.0	0.0	0.0	0.6172465960665658
174	175	4041.2	2.188	704.0	246.0	42.0	98.0	0.0	0.0	0.0	0.6165158371040724
175	176	28.0	1.764	288.0	216.0	24.0	0.0	0.0	0.0	0.0	0.6161026837806302
176	177	0.0	0.0	112.0	99.0	37.0	34.0	20.0	0.0	0.0	0.1749710312862109
177	178	2158.8	1.604	896.0	398.0	170.0	0.0	0.0	0.0	0.0	0.6156433978132885
178	179	2521.6	1.966	387.0	171.0	105.0	0.0	0.0	0.0	0.0	0.6155988857938719
179	180	4390.4	1.656	443.0	283.0	18.0	15.0	0.0	15.0	0.0	0.6147736298649722
180	181	785.0	1.806	276.0	146.0	0.0	17.0	0.0	0.0	0.0	0.6139860139860139
181	182	1408.0	1.734	272.0	113.0	45.0	20.0	0.0	0.0	0.0	0.6139154160982264
182	183	2047.8	1.9140000000000001	512.0	148.0	77.0	38.0	0.0	0.0	0.0	0.613618368962787
183	184	2004.6	1.8459999999999999	261.0	216.0	35.0	0.0	0.0	0.0	0.0	0.6131736526946108
184	185	5061.4	1.764	391.0	167.0	31.0	0.0	0.0	0.0	0.0	0.6129032258064516
185	186	5487.4	1.706	223.0	192.0	28.0	0.0	0.0	0.0	0.0	0.6127247579529738
186	187	7682.2	1.686	559.0	240.0	33.0	19.0	16.0	0.0	0.0	0.6127208480565371
187	188	3050.6	2.086	483.0	167.0	72.0	0.0	6.0	0.0	0.0	0.6122792262405383
188	189	2062.8	2.036	500.0	130.0	120.0	0.0	12.0	0.0	0.0	0.6120481927710844
189	190	6418.2	1.6640000000000001	1324.0	656.0	154.0	68.0	0.0	0.0	0.0	0.6120066703724292
190	191	6697.0	1.676	290.0	278.0	0.0	37.0	0.0	0.0	0.0	0.6104944500504541
191	192	8686.8	1.794	241.0	172.0	32.0	0.0	0.0	0.0	0.0	0.6095890410958904
192	193	7263.0	1.6740000000000002	339.0	68.0	36.0	11.0	0.0	0.0	0.0	0.6093959731543624
193	194	3825.6	2.026	443.0	226.0	37.0	28.0	13.0	0.0	0.0	0.6092985318107668
194	195	2136.8	2.108	414.0	232.0	0.0	0.0	0.0	37.0	0.0	0.6092774308652988
195	196	2607.6	1.896	459.0	152.0	92.0	37.0	0.0	0.0	0.0	0.6090534979423868
196	197	3828.6	1.786	433.0	288.0	43.0	44.0	0.0	0.0	0.0	0.6088922381311228
197	198	3691.4	2.006	331.0	200.0	0.0	0.0	0.0	32.0	0.0	0.6079913606911447
198	199	2574.8	1.656	440.0	243.0	45.0	66.0	0.0	0.0	0.0	0.6079632465543645
199	200	4743.4	1.696	398.0	276.0	38.0	10.0	0.0	0.0	0.0	0.6077441077441077
200	201	1431.8	2.036	462.0	175.0	34.0	0.0	0.0	18.0	0.0	0.607583774250441
201	202	3533.6	2.016	421.0	443.0	29.0	0.0	0.0	0.0	0.0	0.6074829931972789
202	203	1056.8	2.206	326.0	108.0	49.0	16.0	0.0	0.0	0.0	0.606318347509113
203	204	2455.8	2.248	635.0	271.0	164.0	48.0	0.0	0.0	0.0	0.6059620596205962
204	205	7743.0	1.786	301.0	106.0	36.0	12.0	0.0	0.0	11.0	0.6036269430051814
205	206	2634.6	2.056	307.0	372.0	40.0	0.0	0.0	0.0	0.0	0.6031879194630873
206	207	1581.0	1.8459999999999999	474.0	184.0	58.0	41.0	0.0	0.0	0.0	0.6031872509960159
207	208	1616.8	2.3480000000000003	176.0	62.0	0.0	30.0	0.0	0.0	0.0	0.6022471910112359
208	209	1173.0	2.2359999999999998	588.0	288.0	97.0	35.0	0.0	0.0	0.0	0.6021505376344086
209	210	303.0	1.966	573.0	133.0	80.0	57.0	15.0	0.0	0.0	0.6021052631578947
210	211	297.2	2.096	771.0	391.0	0.0	83.0	0.0	0.0	0.0	0.6020309477756286
211	212	1312.0	1.956	163.0	183.0	15.0	14.0	0.0	0.0	0.0	0.6019261637239165
212	213	1445.0	2.556	800.0	139.0	161.0	31.0	24.0	0.0	0.0	0.6015625
213	214	3645.2	2.046	523.0	257.0	28.0	45.0	0.0	0.0	0.0	0.6011275546159267
214	215	715.0	1.8359999999999999	275.0	165.0	22.0	9.0	18.0	0.0	0.0	0.6007371007371007
215	216	1219.0	2.166	511.0	361.0	49.0	53.0	0.0	0.0	0.0	0.6004932182490752
216	217	4428.4	2.206	99.0	43.0	18.0	11.0	0.0	0.0	0.0	0.6
217	218	1623.2	2.418	327.0	231.0	34.0	22.0	13.0	0.0	0.0	0.5994263862332696
218	219	577.0	2.528	670.0	308.0	61.0	66.0	0.0	8.0	0.0	0.5993537964458805
219	220	200.0	2.688	490.0	426.0	0.0	41.0	0.0	0.0	0.0	0.5992485911083281
220	221	1934.2	2.166	284.0	203.0	55.0	0.0	0.0	0.0	0.0	0.5962596259625963
221	222	1414.2	2.438	151.0	207.0	22.0	0.0	0.0	0.0	0.0	0.5956112852664577
222	223	2285.2	3.53	338.0	232.0	0.0	44.0	0.0	0.0	0.0	0.5943852855759922
223	224	3486.4	2.948	469.0	354.0	0.0	49.0	23.0	0.0	0.0	0.5942895086321381
224	225	2841.2	2.938	357.0	278.0	103.0	0.0	0.0	0.0	0.0	0.5942028985507246
225	226	2325.2	2.8480000000000003	200.0	224.0	0.0	0.0	0.0	0.0	0.0	0.5938375350140056
226	227	2593.2	2.276	316.0	96.0	59.0	0.0	0.0	0.0	0.0	0.593198992443325
227	228	2315.2	2.628	406.0	54.0	55.0	87.0	0.0	0.0	0.0	0.591937069813176
228	229	2030.8	2.616	554.0	224.0	96.0	21.0	0.0	0.0	0.0	0.591931216931217
229	230	3070.2	2.428	632.0	233.0	67.0	51.0	0.0	0.0	0.0	0.5907451923076923
230	231	2658.8	2.276	209.0	163.0	65.0	0.0	0.0	0.0	0.0	0.5905405405405405
231	232	1439.0	2.198	789.0	386.0	153.0	0.0	22.0	0.0	0.0	0.590292960209882
232	233	2727.8	2.286	310.0	117.0	25.0	52.0	0.0	0.0	0.0	0.5901639344262295
233	234	1491.6	2.016	1768.0	1074.0	213.0	51.0	26.0	0.0	0.0	0.5898305084745763
234	235	2322.2	2.286	253.0	110.0	66.0	21.0	0.0	0.0	0.0	0.5890052356020943
235	236	1302.6	2.2159999999999997	349.0	215.0	50.0	36.0	0.0	0.0	0.0	0.5887681159420289
236	237	1603.2	2.386	682.0	225.0	80.0	86.0	0.0	0.0	0.0	0.5885902358749314
237	238	2086.0	2.2359999999999998	690.0	132.0	106.0	0.0	0.0	31.0	0.0	0.5879828326180258
238	239	2479.4	1.686	322.0	233.0	21.0	53.0	0.0	0.0	0.0	0.5878504672897197
239	240	1864.6	1.6540000000000001	387.0	293.0	94.0	10.0	0.0	0.0	0.0	0.5877061469265368
240	241	2552.4	2.506	472.0	42.0	46.0	38.0	40.0	0.0	0.0	0.5874769797421732
241	242	1748.4	2.136	465.0	332.0	73.0	0.0	0.0	0.0	0.0	0.587440918298447
242	243	1219.6	2.548	314.0	173.0	88.0	22.0	0.0	0.0	0.0	0.5870206489675516
243	244	2022.2	2.958	580.0	366.0	46.0	25.0	0.0	0.0	0.0	0.5861671469740634
244	245	2314.2	2.206	288.0	313.0	0.0	33.0	0.0	0.0	0.0	0.5854108956602031
245	246	3341.6	2.4459999999999997	1061.0	762.0	210.0	78.0	0.0	0.0	0.0	0.5849265724577445
246	247	1144.6	1.944	403.0	293.0	0.0	0.0	51.0	0.0	0.0	0.5845070422535211
247	248	2958.0	2.668	160.0	106.0	32.0	4.0	0.0	5.0	0.0	0.5836501901140685
248	249	2796.8	2.356	1255.0	695.0	340.0	11.0	0.0	0.0	4.0	0.5829539706626201
249	250	2538.2	2.728	463.0	87.0	87.0	0.0	0.0	0.0	0.0	0.5827996340347666
250	251	572.8	2.588	305.0	184.0	0.0	24.0	0.0	0.0	0.0	0.580973952434881
251	252	3747.2	2.256	522.0	406.0	80.0	0.0	0.0	0.0	0.0	0.5799769850402762
252	253	2579.6	2.8680000000000003	1151.0	602.0	174.0	50.0	23.0	32.0	0.0	0.579082359646623
253	254	3942.4	2.398	264.0	181.0	0.0	0.0	32.0	0.0	0.0	0.5788834951456311
254	255	2967.8	1.8259999999999998	211.0	119.0	25.0	9.0	4.0	0.0	0.0	0.5777080062794349
255	256	1001.2	2.226	457.0	245.0	61.0	56.0	0.0	0.0	0.0	0.577574047954866
256	257	2343.2	2.6660000000000004	486.0	220.0	78.0	44.0	12.0	0.0	0.0	0.5773195876288659
257	258	3229.4	2.356	1118.0	602.0	109.0	39.0	33.0	0.0	0.0	0.5772851503188582
258	259	2972.2	2.386	435.0	231.0	50.0	29.0	36.0	0.0	0.0	0.5772357723577236
259	260	1609.2	2.5980000000000003	541.0	289.0	31.0	0.0	0.0	0.0	0.0	0.5770777479892761
260	261	1501.2	2.8080000000000003	234.0	183.0	68.0	13.0	0.0	0.0	0.0	0.5770567786790266
261	262	2034.0	2.4459999999999997	165.0	77.0	28.0	15.0	0.0	0.0	0.0	0.5769230769230769
262	263	3113.4	2.608	598.0	256.0	0.0	53.0	61.0	0.0	0.0	0.5765336509827278
263	264	3863.2	2.5980000000000003	367.0	172.0	56.0	50.0	0.0	0.0	0.0	0.5764075067024129
264	265	2764.2	2.738	526.0	261.0	125.0	39.0	7.0	0.0	0.0	0.5757211538461539
265	266	2263.2	2.668	383.0	261.0	127.0	0.0	0.0	0.0	0.0	0.5749440715883669
266	267	1625.2	2.396	395.0	255.0	111.0	54.0	0.0	0.0	0.0	0.5743481324876674
267	268	1278.2	2.8080000000000003	356.0	57.0	68.0	32.0	0.0	16.0	0.0	0.5737527114967462
268	269	2388.0	2.758	163.0	138.0	22.0	11.0	9.0	0.0	0.0	0.5735785953177257
269	270	210.0	2.778	508.0	230.0	38.0	0.0	0.0	0.0	0.0	0.5731166912850812
270	271	1921.4	2.338	848.0	431.0	70.0	105.0	44.0	0.0	0.0	0.5726299694189603
271	272	1456.0	1.946	755.0	462.0	171.0	66.0	0.0	0.0	0.0	0.5715408805031447
272	273	1006.2	2.678	773.0	389.0	114.0	40.0	22.0	0.0	0.0	0.5713065755764304
273	274	1304.8	2.046	708.0	366.0	56.0	0.0	41.0	0.0	0.0	0.5712195121951219
274	275	3016.2	2.246	383.0	303.0	75.0	0.0	17.0	0.0	0.0	0.5712187958883994
275	276	0.0	0.0	186.0	85.0	32.0	46.0	16.0	0.0	0.0	0.1894135962636222
276	277	0.0	0.0	130.0	150.0	72.0	36.0	34.0	83.0	140.0	0.19311377245508982
277	278	3101.4	2.258	447.0	295.0	72.0	51.0	0.0	0.0	0.0	0.570957095709571
278	279	1679.2	2.256	173.0	167.0	38.0	0.0	13.0	0.0	0.0	0.5708029197080292
279	280	1733.0	2.006	119.0	110.0	12.0	10.0	0.0	0.0	0.0	0.5704545454545454
280	281	0.0	0.0	51.0	124.0	81.0	10.0	31.0	10.0	0.0	0.20645595158036315
281	282	2587.0	2.688	394.0	144.0	68.0	49.0	0.0	0.0	0.0	0.5700609225413403
282	283	1454.4	2.656	395.0	121.0	168.0	0.0	0.0	0.0	0.0	0.57
283	284	990.8	2.418	689.0	309.0	58.0	129.0	0.0	0.0	0.0	0.56998556998557
284	285	3190.4	2.408	319.0	398.0	31.0	34.0	0.0	0.0	0.0	0.5699708454810496
285	286	2441.2	2.928	662.0	290.0	54.0	44.0	51.0	0.0	0.0	0.5684047496128033
286	287	4638.6	3.25	340.0	107.0	45.0	71.0	0.0	0.0	0.0	0.5681130171543896
287	288	371.4	2.948	494.0	156.0	109.0	30.0	0.0	0.0	0.0	0.5676258992805755
288	289	771.2	2.968	139.0	223.0	0.0	0.0	0.0	0.0	0.0	0.567398119122257
289	290	1387.4	2.7880000000000003	569.0	149.0	60.0	35.0	0.0	30.0	0.0	0.5665322580645161
290	291	3703.8	3.0580000000000003	297.0	156.0	85.0	0.0	0.0	0.0	0.0	0.5663157894736842
291	292	3549.0	3.44	570.0	178.0	17.0	152.0	0.0	0.0	0.0	0.5660493827160494
292	293	2754.8	3.19	759.0	362.0	49.0	31.0	13.0	0.0	0.0	0.565967365967366
293	294	1.0	2.056	220.0	56.0	45.0	27.0	0.0	0.0	0.0	0.5658536585365853
294	295	2204.4	2.496	378.0	319.0	25.0	73.0	0.0	0.0	0.0	0.5654338549075392
295	296	3158.4	3.16	725.0	503.0	79.0	15.0	13.0	23.0	0.0	0.5653621981681932
296	297	2858.6	2.898	111.0	118.0	0.0	14.0	0.0	0.0	0.0	0.5651162790697675
297	298	3083.4	2.086	297.0	279.0	25.0	38.0	0.0	0.0	0.0	0.5649867374005305
298	299	1443.2	1.996	402.0	348.0	30.0	12.0	0.0	0.0	0.0	0.5649072753209701
299	300	1298.4	2.086	451.0	141.0	101.0	43.0	16.0	14.0	0.0	0.5648967551622419
300	301	3758.6	2.7680000000000002	179.0	101.0	26.0	45.0	0.0	0.0	0.0	0.5643086816720257
301	302	2034.6	3.178	250.0	111.0	14.0	43.0	17.0	0.0	0.0	0.5642023346303502
302	303	3034.4	2.5380000000000003	352.0	349.0	24.0	57.0	0.0	0.0	0.0	0.5634005763688761
303	304	2616.0	2.78	273.0	97.0	31.0	75.0	0.0	0.0	0.0	0.5633136094674556
304	305	1629.2	2.506	1201.0	620.0	342.0	63.0	16.0	30.0	0.0	0.5619589413801632
305	306	49.0	2.978	282.0	219.0	82.0	39.0	0.0	0.0	0.0	0.5618789521228545
306	307	3685.8	3.0980000000000003	273.0	227.0	64.0	9.0	0.0	0.0	0.0	0.5617647058823529
307	308	2883.8	3.168	331.0	160.0	16.0	89.0	0.0	0.0	0.0	0.5617342130065975
308	309	1634.2	1.734	680.0	377.0	92.0	63.0	0.0	0.0	0.0	0.5613710050949514
309	310	2052.4	1.676	363.0	273.0	14.0	51.0	0.0	0.0	0.0	0.5612489991993594
310	311	1397.6	1.776	314.0	200.0	54.0	32.0	0.0	0.0	0.0	0.5602240896358543
311	312	2098.4	1.796	255.0	118.0	45.0	48.0	0.0	0.0	0.0	0.5600961538461539
312	313	3502.2	1.8940000000000001	444.0	330.0	74.0	20.0	0.0	0.0	0.0	0.56
313	314	2588.0	1.716	290.0	65.0	64.0	53.0	0.0	0.0	0.0	0.5599051008303677
314	315	261.2	1.786	236.0	321.0	0.0	42.0	0.0	0.0	0.0	0.5598130841121496
315	316	4238.8	2.106	537.0	337.0	21.0	24.0	0.0	0.0	0.0	0.559342665855143
316	317	4558.8	2.226	457.0	206.0	130.0	61.0	0.0	0.0	0.0	0.5592665356908972
317	318	3305.2	2.5860000000000003	256.0	351.0	39.0	0.0	15.0	0.0	0.0	0.5592216582064298
